,edu
10,0.0
11,0.0
12,0.0
13,0.0
14,0.0
15,0.0
16,0.0
17,0.0
18,0.0
19,0.0
20,0.0
100,1.0
101,1.0
102,1.0
103,1.0
104,1.0
105,1.0
106,1.0
107,1.0
108,1.0
109,1.0
110,1.0
111,1.0
112,1.0
113,1.0
114,1.0
115,1.0
116,1.0
117,1.0
118,1.0
119,1.0
120,1.0
121,1.0
122,1.0
123,1.0
124,1.0
125,1.0
126,1.0
127,1.0
128,1.0
129,1.0
130,1.0
131,1.0
132,1.0
133,1.0
134,1.0
135,1.0
136,1.0
137,1.0
138,1.0
139,1.0
140,1.0
141,1.0
142,1.0
143,1.0
144,1.0
145,1.0
146,1.0
147,1.0
148,1.0
149,1.0
150,1.0
151,1.0
152,1.0
153,1.0
154,1.0
155,1.0
156,1.0
157,1.0
158,1.0
159,1.0
160,1.0
161,1.0
162,1.0
163,1.0
164,1.0
165,1.0
166,1.0
167,1.0
168,1.0
169,1.0
170,1.0
171,1.0
172,1.0
173,1.0
174,1.0
175,1.0
176,1.0
177,1.0
178,1.0
179,1.0
180,1.0
181,1.0
182,1.0
183,1.0
184,1.0
185,1.0
186,1.0
187,1.0
188,1.0
189,1.0
190,1.0
191,1.0
192,1.0
193,1.0
194,1.0
195,1.0
196,1.0
197,1.0
198,1.0
199,1.0
210,2.0
211,2.0
212,2.0
213,2.0
214,2.0
215,2.0
216,2.0
220,3.0
221,3.0
222,3.0
223,3.0
224,3.0
225,3.0
226,3.0
227,3.0
228,3.0
229,3.0
230,3.0
231,3.0
232,3.0
233,3.0
234,3.0
235,3.0
236,3.0
237,3.0
238,3.0
239,3.0
240,3.0
241,3.0
242,3.0
243,3.0
300,4.0
301,4.0
302,4.0
303,4.0
304,4.0
305,4.0
306,4.0
307,4.0
308,4.0
309,4.0
310,4.0
311,4.0
312,4.0
313,4.0
314,4.0
315,4.0
316,4.0
317,4.0
318,4.0
319,4.0
320,4.0
321,4.0
322,4.0
323,4.0
