,occ
111,77.0
112,77.0
113,66.0
114,58.0
121,70.0
122,67.0
123,61.0
130,51.0
211,57.0
212,71.0
213,71.0
214,73.0
221,78.0
222,85.0
231,77.0
232,69.0
233,66.0
239,65.0
241,69.0
242,69.0
243,69.0
249,69.0
250,85.0
291,65.0
292,65.0
293,61.0
294,53.0
311,49.0
312,52.0
313,52.0
314,57.0
315,50.0
321,50.0
322,55.0
323,38.0
324,49.0
331,38.0
332,38.0
339,38.0
341,55.0
342,55.0
350,58.0
391,56.0
392,61.0
393,43.0
394,65.0
395,52.0
396,38.0
411,51.0
412,45.0
413,51.0
414,51.0
415,36.0
421,48.0
422,52.0
430,39.0
440,45.0
490,45.0
511,34.0
512,32.0
513,25.0
514,47.0
521,43.0
522,37.0
523,43.0
611,23.0
612,23.0
613,23.0
614,22.0
621,28.0
622,28.0
711,30.0
712,30.0
713,34.0
714,29.0
721,31.0
722,35.0
723,34.0
724,40.0
731,38.0
732,28.0
733,40.0
741,30.0
742,33.0
743,36.0
744,31.0
811,35.0
812,30.0
813,22.0
814,27.0
815,35.0
816,32.0
817,26.0
821,36.0
822,30.0
823,30.0
824,29.0
825,38.0
826,30.0
827,29.0
828,31.0
829,26.0
831,36.0
832,34.0
833,26.0
834,32.0
911,29.0
912,16.0
913,23.0
914,23.0
920,27.0
931,16.0
932,20.0
933,21.0
934,29.0
