occ,isei
11,73.0
12,79.0
13,79.0
14,47.0
21,77.0
22,73.0
23,69.0
24,68.0
25,73.0
26,70.0
27,70.0
28,65.0
29,65.0
30,76.0
31,58.0
32,53.0
33,50.0
34,48.0
35,52.0
36,57.0
37,56.0
38,56.0
39,56.0
41,71.0
42,53.0
43,53.0
51,77.0
52,77.0
53,77.0
54,52.0
61,88.0
62,52.0
63,86.0
64,52.0
65,84.0
66,52.0
67,81.0
68,52.0
69,52.0
71,42.0
72,39.0
73,52.0
74,39.0
75,58.0
76,58.0
77,58.0
78,52.0
79,58.0
81,71.0
83,71.0
84,64.0
90,80.0
110,69.0
111,68.0
121,85.0
122,90.0
129,82.0
131,78.0
132,71.0
133,69.0
134,65.0
135,12.0
136,78.0
137,78.0
138,65.0
139,65.0
141,55.0
149,55.0
151,66.0
152,66.0
159,66.0
161,57.0
162,55.0
163,50.0
164,50.0
171,54.0
172,64.0
173,64.0
174,64.0
175,54.0
179,64.0
180,55.0
191,59.0
192,72.0
193,54.0
194,59.0
195,54.0
196,82.0
199,61.0
201,73.0
202,72.0
211,66.0
212,67.0
213,47.0
214,67.0
215,69.0
216,67.0
217,67.0
218,67.0
219,67.0
300,60.0
310,58.0
321,55.0
331,48.0
339,44.0
341,50.0
342,54.0
351,56.0
352,56.0
359,48.0
360,37.0
370,36.0
380,43.0
391,35.0
392,45.0
393,58.0
394,51.0
395,51.0
396,48.0
397,48.0
398,48.0
399,45.0
400,54.0
410,53.0
421,57.0
422,52.0
431,58.0
432,58.0
441,59.0
442,60.0
443,56.0
451,45.0
452,35.0
490,35.0
491,42.0
500,41.0
510,48.0
520,33.0
531,29.0
532,30.0
540,24.0
551,26.0
552,22.0
553,22.0
560,24.0
570,32.0
581,44.0
582,54.0
583,39.0
589,35.0
591,39.0
592,58.0
593,44.0
594,44.0
599,39.0
600,46.0
601,46.0
611,26.0
612,29.0
613,29.0
614,26.0
615,26.0
616,26.0
621,16.0
622,16.0
623,16.0
624,20.0
625,20.0
626,20.0
627,21.0
628,28.0
629,10.0
631,19.0
632,32.0
641,30.0
649,32.0
700,44.0
711,32.0
712,26.0
713,31.0
721,34.0
722,31.0
723,23.0
725,34.0
726,34.0
727,34.0
728,34.0
729,37.0
731,24.0
732,24.0
733,36.0
734,36.0
741,36.0
742,36.0
743,36.0
744,36.0
745,36.0
746,36.0
747,36.0
749,36.0
751,35.0
752,35.0
753,30.0
754,34.0
755,31.0
756,31.0
759,37.0
761,32.0
771,22.0
772,22.0
773,32.0
774,28.0
775,33.0
776,33.0
777,33.0
778,33.0
779,36.0
781,37.0
782,37.0
783,37.0
791,46.0
793,43.0
794,43.0
795,23.0
796,30.0
799,37.0
801,33.0
802,32.0
803,32.0
811,36.0
812,32.0
819,32.0
820,29.0
831,37.0
832,41.0
833,36.0
834,39.0
835,28.0
839,43.0
841,36.0
842,39.0
843,31.0
844,44.0
849,36.0
851,39.0
852,41.0
853,40.0
854,43.0
855,40.0
856,43.0
857,41.0
859,46.0
861,46.0
862,46.0
871,35.0
872,33.0
873,36.0
874,33.0
880,43.0
891,33.0
892,27.0
893,25.0
894,25.0
895,25.0
899,25.0
901,33.0
902,33.0
903,33.0
910,34.0
921,41.0
922,41.0
923,43.0
924,43.0
925,43.0
926,39.0
927,43.0
929,46.0
931,32.0
939,30.0
941,29.0
942,29.0
943,29.0
949,29.0
951,32.0
952,29.0
953,22.0
954,31.0
955,33.0
956,36.0
957,30.0
958,32.0
959,31.0
961,34.0
969,33.0
971,31.0
972,28.0
973,29.0
974,30.0
979,30.0
981,36.0
982,36.0
983,45.0
984,35.0
985,37.0
986,20.0
989,35.0
990,23.0
